9.524023437500005684e+00 4.752421874999999574e+01
9.350000000000022737e+00 4.759892578124999574e+01
9.182812500000011369e+00 4.767070312499999574e+01
9.127539062500005684e+00 4.767070312499999574e+01
8.881152343750017053e+00 4.765639648437499432e+01
8.874023437500000000e+00 4.766269531249999858e+01
8.831152343750005684e+00 4.770361328125000000e+01
8.793066406250005684e+00 4.771655273437500000e+01
8.770117187500005684e+00 4.770991210937499716e+01
8.754785156250022737e+00 4.769804687499999574e+01
8.728320312500017053e+00 4.770004882812499858e+01
8.617871093750011369e+00 4.776611328125000000e+01
8.572656250000022737e+00 4.777563476562500000e+01
8.509863281250005684e+00 4.776689453124999574e+01
8.435742187500011369e+00 4.773134765624999432e+01
8.403417968750005684e+00 4.768779296874999574e+01
8.413281250000011369e+00 4.766269531249999858e+01
8.451757812500005684e+00 4.765180664062499716e+01
8.552343750000005684e+00 4.765913085937499716e+01
8.567089843750011369e+00 4.765190429687499574e+01
8.570507812500011369e+00 4.763779296874999858e+01
8.559472656250022737e+00 4.762402343750000000e+01
8.477636718750005684e+00 4.761269531249999432e+01
8.454003906250022737e+00 4.759619140625000000e+01
8.430078125000022737e+00 4.759213867187499858e+01
8.414746093750011369e+00 4.758959960937500000e+01
8.327832031250011369e+00 4.760693359375000000e+01
8.198242187500000000e+00 4.760693359375000000e+01
8.093750000000000000e+00 4.757617187500000000e+01
7.927050781250017053e+00 4.756386718749999432e+01
7.698046875000017053e+00 4.756987304687499574e+01
7.615625000000022737e+00 4.759272460937499716e+01
7.565429687500000000e+00 4.760654296874999858e+01
7.529394531250005684e+00 4.767387695312499574e+01
7.538574218750000000e+00 4.777363281249999716e+01
7.593261718750000000e+00 4.790566406249999432e+01
7.608496093750005684e+00 4.800258789062499432e+01
7.584179687500011369e+00 4.806430664062499858e+01
7.616601562500022737e+00 4.815678710937499574e+01
7.705664062500005684e+00 4.828002929687500000e+01
7.765136718750000000e+00 4.841000976562499858e+01
7.794824218750022737e+00 4.854682617187499716e+01
7.837988281250005684e+00 4.863603515624999574e+01
7.922753906250022737e+00 4.869853515624999574e+01
8.124023437500000000e+00 4.887329101562500000e+01
8.140332031250011369e+00 4.888642578124999716e+01
8.134863281250005684e+00 4.897358398437499716e+01
8.080664062500005684e+00 4.898588867187499574e+01
8.001269531250017053e+00 4.901093749999999716e+01
7.799218750000022737e+00 4.904189453124999432e+01
7.610937500000005684e+00 4.906176757812500000e+01
7.525488281250005684e+00 4.908637695312499716e+01
7.450585937500022737e+00 4.915219726562499858e+01
7.404199218750022737e+00 4.915307617187500000e+01
7.313378906250022737e+00 4.912954101562499432e+01
7.199902343750011369e+00 4.911362304687499858e+01
7.117382812500011369e+00 4.912753906249999858e+01
7.065722656250017053e+00 4.912485351562499858e+01
7.036718750000005684e+00 4.911269531249999432e+01
7.022167968750011369e+00 4.912343749999999432e+01
7.001464843750000000e+00 4.917988281249999716e+01
6.958300781250017053e+00 4.919462890624999574e+01
6.891210937500005684e+00 4.920751953125000000e+01
6.849511718750022737e+00 4.920195312499999574e+01
6.820703125000022737e+00 4.917392578124999858e+01
6.776269531250022737e+00 4.915415039062499858e+01
6.735449218750005684e+00 4.916059570312499716e+01
6.607617187500011369e+00 4.929086914062499858e+01
6.574707031250000000e+00 4.931967773437499858e+01
6.566308593750022737e+00 4.934619140625000000e+01
6.534277343750005684e+00 4.939467773437499432e+01
6.458105468750005684e+00 4.944287109375000000e+01
6.382226562500022737e+00 4.945815429687499432e+01
6.344335937500005684e+00 4.945273437499999858e+01
6.348437500000017053e+00 4.951269531250000000e+01
6.378320312500022737e+00 4.959960937500000000e+01
6.406738281250000000e+00 4.964497070312499716e+01
6.444628906250017053e+00 4.968203124999999432e+01
6.484765625000022737e+00 4.970781249999999574e+01
6.493750000000005684e+00 4.975439453125000000e+01
6.487304687500000000e+00 4.979848632812499432e+01
6.440917968750000000e+00 4.980532226562499432e+01
6.324609375000022737e+00 4.983789062500000000e+01
6.256054687500011369e+00 4.987216796874999858e+01
6.204882812500017053e+00 4.991513671874999858e+01
6.138183593750000000e+00 4.997431640624999716e+01
6.109765625000022737e+00 5.003437499999999716e+01
6.108300781250022737e+00 5.009423828125000000e+01
6.116503906250017053e+00 5.012099609374999432e+01
6.121289062500011369e+00 5.013935546874999716e+01
6.175097656250017053e+00 5.023266601562500000e+01
6.364453125000011369e+00 5.031616210937500000e+01
6.343652343750022737e+00 5.040024414062499858e+01
6.340917968750005684e+00 5.045175781249999858e+01
6.294921875000000000e+00 5.048549804687499432e+01
6.203027343750022737e+00 5.049912109374999858e+01
6.178710937500000000e+00 5.052250976562499574e+01
6.168457031250000000e+00 5.054536132812499716e+01
6.235937500000005684e+00 5.059667968750000000e+01
6.154492187500011369e+00 5.063725585937499574e+01
6.119433593750017053e+00 5.067924804687499574e+01
6.005957031250005684e+00 5.073222656249999574e+01
5.993945312500017053e+00 5.075043945312499716e+01
6.048437500000005684e+00 5.090488281249999858e+01
6.006835937500000000e+00 5.094995117187500000e+01
5.955078125000000000e+00 5.097294921874999574e+01
5.894726562500011369e+00 5.098422851562499858e+01
5.867187500000000000e+00 5.100566406249999574e+01
5.857519531250005684e+00 5.103012695312499858e+01
5.868359375000011369e+00 5.104531249999999432e+01
5.939257812500017053e+00 5.104082031249999574e+01
5.961035156250005684e+00 5.105668945312499574e+01
6.129980468750005684e+00 5.114741210937499716e+01
6.136914062500011369e+00 5.116484374999999574e+01
6.113378906250005684e+00 5.117470703124999432e+01
6.082421875000022737e+00 5.117998046874999574e+01
6.074804687500005684e+00 5.119902343749999574e+01
6.075878906250011369e+00 5.122412109375000000e+01
6.166210937500011369e+00 5.135483398437499858e+01
6.192871093750000000e+00 5.141059570312499716e+01
6.198828125000005684e+00 5.144999999999999574e+01
6.193261718750022737e+00 5.148891601562499432e+01
6.141601562500000000e+00 5.155009765624999574e+01
6.091113281250017053e+00 5.159892578124999574e+01
6.089355468750000000e+00 5.163779296874999858e+01
6.052734375000000000e+00 5.165825195312499574e+01
5.948535156250017053e+00 5.176240234374999716e+01
5.948730468750000000e+00 5.180268554687499716e+01
6.007617187500017053e+00 5.183398437500000000e+01
6.089843750000000000e+00 5.185395507812499716e+01
6.117187500000000000e+00 5.187041015624999574e+01
6.166503906250000000e+00 5.188076171875000142e+01
6.297070312500011369e+00 5.185073242187500142e+01
6.355664062500011369e+00 5.182465820312499716e+01
6.372167968750005684e+00 5.183002929687499716e+01
6.425000000000011369e+00 5.185839843750000000e+01
6.517578125000000000e+00 5.185395507812499716e+01
6.741796875000005684e+00 5.191088867187500000e+01
6.775195312500017053e+00 5.193828124999999574e+01
6.800390625000005684e+00 5.196738281249999858e+01
6.802441406250011369e+00 5.198017578124999716e+01
6.715625000000017053e+00 5.203618164062499574e+01
6.712988281250005684e+00 5.205688476562500000e+01
6.724511718750022737e+00 5.208022460937500142e+01
6.749023437500000000e+00 5.209868164062499574e+01
6.800390625000005684e+00 5.211123046875000142e+01
6.855078125000005684e+00 5.213579101562499574e+01
6.977246093750011369e+00 5.220551757812499716e+01
7.019628906250005684e+00 5.226601562500000142e+01
7.032617187500022737e+00 5.233149414062499716e+01
7.035156250000000000e+00 5.238022460937499858e+01
7.001855468750022737e+00 5.241899414062499574e+01
6.968164062500022737e+00 5.244409179687500000e+01
6.922070312500011369e+00 5.244028320312499858e+01
6.832519531250000000e+00 5.244228515625000142e+01
6.748828125000017053e+00 5.246401367187500142e+01
6.702929687500017053e+00 5.249921874999999716e+01
6.691601562500011369e+00 5.253017578125000142e+01
6.712402343750000000e+00 5.254965820312499858e+01
6.718750000000000000e+00 5.257358398437499858e+01
6.705371093750017053e+00 5.259765625000000000e+01
6.710742187500017053e+00 5.261787109374999716e+01
6.748437500000022737e+00 5.263408203124999574e+01
7.013183593750000000e+00 5.263354492187500000e+01
7.033007812500017053e+00 5.265136718750000000e+01
7.050878906250005684e+00 5.274477539062500142e+01
7.117089843750022737e+00 5.288701171874999574e+01
7.179492187500017053e+00 5.296621093750000142e+01
7.189941406250000000e+00 5.299951171875000000e+01
7.188964843750000000e+00 5.318720703124999716e+01
7.197265625000000000e+00 5.328227539062499574e+01
7.152050781250011369e+00 5.332695312499999574e+01
7.053320312500005684e+00 5.337583007812499858e+01
7.074316406250005684e+00 5.347763671874999858e+01
7.107128906250011369e+00 5.355698242187499858e+01
7.206445312500022737e+00 5.365454101562500000e+01
7.285253906250005684e+00 5.368134765624999716e+01
7.629199218750017053e+00 5.369726562500000000e+01
8.009277343750000000e+00 5.369072265624999574e+01
8.167089843750005684e+00 5.354340820312499716e+01
8.108496093750005684e+00 5.346767578125000142e+01
8.200781250000005684e+00 5.343242187499999574e+01
8.245214843750005684e+00 5.344531250000000000e+01
8.279003906250011369e+00 5.351118164062499716e+01
8.301562500000017053e+00 5.358413085937500142e+01
8.333886718750022737e+00 5.360620117187500000e+01
8.451367187500011369e+00 5.355170898437499716e+01
8.492675781250000000e+00 5.351435546874999716e+01
8.495214843750005684e+00 5.339423828124999716e+01
8.538476562500022737e+00 5.355688476562500000e+01
8.506250000000022737e+00 5.367075195312499858e+01
8.528417968750005684e+00 5.378110351562499858e+01
8.575585937500022737e+00 5.383847656249999858e+01
8.618945312500017053e+00 5.387500000000000000e+01
8.897753906250017053e+00 5.383569335937500000e+01
9.205566406250000000e+00 5.385595703125000000e+01
9.321972656250011369e+00 5.381347656250000000e+01
9.585351562500022737e+00 5.360048828125000142e+01
9.673144531250017053e+00 5.356562499999999716e+01
9.783984375000017053e+00 5.355463867187499716e+01
9.631250000000022737e+00 5.360019531249999858e+01
9.312011718750000000e+00 5.385913085937500000e+01
9.216406250000005684e+00 5.389121093749999858e+01
9.069628906250017053e+00 5.390092773437499574e+01
8.978125000000005684e+00 5.392622070312499716e+01
8.920410156250000000e+00 5.396533203125000000e+01
8.903515625000011369e+00 5.400029296874999574e+01
8.906640625000022737e+00 5.426079101562499574e+01
8.851562500000000000e+00 5.429956054687500000e+01
8.780371093750005684e+00 5.431303710937499574e+01
8.736035156250011369e+00 5.429521484374999574e+01
8.644921875000022737e+00 5.429497070312499574e+01
8.625781250000017053e+00 5.435395507812499716e+01
8.648046875000005684e+00 5.439765624999999716e+01
8.831152343750005684e+00 5.442753906249999574e+01
8.951855468750011369e+00 5.446757812499999574e+01
8.957226562500011369e+00 5.453833007812500000e+01
8.880957031250005684e+00 5.459394531249999716e+01
8.789648437500005684e+00 5.469594726562500142e+01
8.682324218750011369e+00 5.479184570312499858e+01
8.670312500000022737e+00 5.490341796874999858e+01
8.670703125000017053e+00 5.490332031250000000e+01
8.857226562500017053e+00 5.490112304687500000e+01
8.902929687500005684e+00 5.489692382812499716e+01
9.185839843750017053e+00 5.484467773437499716e+01
9.254980468750005684e+00 5.480800781250000142e+01
9.341992187500011369e+00 5.480629882812500142e+01
9.498730468750011369e+00 5.484042968749999858e+01
9.615820312500005684e+00 5.485541992187499716e+01
9.661230468750005684e+00 5.483437500000000142e+01
9.725000000000022737e+00 5.482553710937499858e+01
9.739746093750000000e+00 5.482553710937499858e+01
9.745898437500017053e+00 5.480717773437499574e+01
9.892285156250011369e+00 5.478061523437499858e+01
9.953808593750011369e+00 5.473828125000000000e+01
1.002216796875001137e+01 5.467392578124999858e+01
1.002880859375000000e+01 5.458129882812500000e+01
9.941308593750022737e+00 5.451464843750000000e+01
9.868652343750000000e+00 5.447246093749999574e+01
1.014345703125002274e+01 5.448842773437500142e+01
1.017080078125002274e+01 5.445019531250000000e+01
1.021240234375000000e+01 5.440893554687500000e+01
1.036044921875000568e+01 5.443833007812499858e+01
1.073154296875000568e+01 5.431625976562499858e+01
1.095595703125002274e+01 5.437568359374999716e+01
1.101337890625001137e+01 5.437915039062500000e+01
1.106435546875002274e+01 5.428051757812500000e+01
1.100859375000001705e+01 5.418115234375000000e+01
1.081074218750001137e+01 5.407514648437499716e+01
1.085458984375000568e+01 5.400981445312499574e+01
1.091777343750001705e+01 5.399531249999999716e+01
1.110429687500001705e+01 5.400917968750000142e+01
1.139960937500001137e+01 5.394462890624999574e+01
1.146113281250001137e+01 5.396474609375000142e+01
1.170058593750002274e+01 5.411352539062500000e+01
1.179628906250002274e+01 5.414545898437499716e+01
1.211132812500000000e+01 5.416831054687499858e+01
1.216865234375001137e+01 5.422587890624999574e+01
1.229628906250002274e+01 5.428378906249999858e+01
1.237851562500000568e+01 5.434702148437499858e+01
1.257539062500001137e+01 5.446738281249999858e+01
1.277910156250001705e+01 5.444570312500000142e+01
1.289804687500000568e+01 5.442265624999999574e+01
1.302861328125001705e+01 5.441103515625000142e+01
1.314746093750000000e+01 5.428271484375000000e+01
1.344804687500001705e+01 5.414086914062500000e+01
1.372421875000000568e+01 5.415322265625000142e+01
1.382226562500000000e+01 5.401904296875000000e+01
1.386552734375001705e+01 5.385336914062499858e+01
1.395039062500001137e+01 5.380136718749999858e+01
1.402500000000000568e+01 5.376743164062499858e+01
1.425000000000000000e+01 5.373188476562499716e+01
1.425888671875000568e+01 5.372963867187500142e+01
1.426611328125000000e+01 5.370712890624999858e+01
1.427988281250000568e+01 5.362475585937500000e+01
1.429873046875002274e+01 5.355644531249999574e+01
1.441455078125000000e+01 5.328349609374999574e+01
1.441230468750001137e+01 5.321674804687499716e+01
1.441093750000001705e+01 5.319902343749999574e+01
1.436855468750002274e+01 5.310556640624999858e+01
1.429316406250001137e+01 5.302675781250000142e+01
1.419365234375001705e+01 5.298232421875000142e+01
1.413886718750001137e+01 5.293286132812500000e+01
1.412861328125001137e+01 5.287822265624999574e+01
1.425371093750001705e+01 5.278251953124999574e+01
1.451406250000002274e+01 5.264560546874999858e+01
1.461943359375001705e+01 5.252851562499999716e+01
1.456972656250002274e+01 5.243110351562499716e+01
1.455458984375002274e+01 5.235966796874999574e+01
1.457392578125001137e+01 5.231416015624999716e+01
1.461562500000002274e+01 5.227763671874999574e+01
1.467988281250001137e+01 5.225000000000000000e+01
1.470537109375001705e+01 5.220747070312499716e+01
1.469238281250000000e+01 5.215004882812500142e+01
1.470458984375000000e+01 5.211020507812499858e+01
1.475253906250000568e+01 5.208183593749999574e+01
1.474814453125000568e+01 5.207080078125000000e+01
1.472480468750001137e+01 5.203085937499999858e+01
1.469296875000000568e+01 5.195800781250000000e+01
1.467490234375000568e+01 5.190483398437499574e+01
1.460166015625000568e+01 5.183237304687499858e+01
1.462392578125002274e+01 5.177080078124999574e+01
1.468134765625001137e+01 5.169819335937499716e+01
1.472490234375001705e+01 5.166171874999999858e+01
1.473867187500002274e+01 5.162714843749999716e+01
1.471093750000000000e+01 5.154492187500000000e+01
1.472470703125000568e+01 5.152387695312499716e+01
1.490595703125001137e+01 5.146333007812499716e+01
1.493554687500000000e+01 5.143535156249999574e+01
1.495312500000000000e+01 5.137714843749999716e+01
1.501660156250000000e+01 5.125273437499999574e+01
1.496386718750000000e+01 5.109511718749999432e+01
1.491748046875000000e+01 5.100874023437499716e+01
1.481425781250001705e+01 5.087163085937499574e+01
1.480937500000001705e+01 5.085898437499999858e+01
1.479746093750000568e+01 5.084233398437499574e+01
1.476650390625002274e+01 5.081831054687499716e+01
1.472333984375001137e+01 5.081469726562500000e+01
1.465820312500000000e+01 5.083261718749999858e+01
1.461357421875001705e+01 5.085556640624999858e+01
1.462382812500001705e+01 5.091474609374999716e+01
1.459521484375000000e+01 5.091860351562499432e+01
1.455966796875000568e+01 5.095493164062499858e+01
1.454570312500001705e+01 5.099394531249999574e+01
1.450732421875000000e+01 5.100986328124999858e+01
1.436728515625000568e+01 5.102626953124999432e+01
1.431972656250002274e+01 5.103779296874999716e+01
1.428320312500000000e+01 5.102949218749999716e+01
1.425585937500000000e+01 5.100185546874999432e+01
1.427333984375002274e+01 5.097690429687499858e+01
1.429941406250000568e+01 5.095258789062499716e+01
1.437705078125000568e+01 5.091406250000000000e+01
1.436904296875002274e+01 5.089873046874999574e+01
1.420175781250000568e+01 5.086123046874999432e+01
1.409648437500001705e+01 5.082275390625000000e+01
1.399843750000002274e+01 5.080112304687499858e+01
1.389853515625000568e+01 5.076127929687499574e+01
1.370136718750001137e+01 5.071650390624999716e+01
1.355673828125000568e+01 5.070463867187499574e+01
1.352656250000001137e+01 5.069282226562499716e+01
1.347255859375002274e+01 5.061694335937500000e+01
1.343613281250000568e+01 5.060107421875000000e+01
1.340117187500001705e+01 5.060932617187499716e+01
1.337460937500000568e+01 5.062172851562499432e+01
1.334101562500001137e+01 5.061142578124999858e+01
1.330605468750002274e+01 5.058632812499999432e+01
1.326953125000000000e+01 5.057641601562500000e+01
1.323769531250002274e+01 5.057675781249999858e+01
1.318115234375000000e+01 5.051049804687500000e+01
1.301640625000001705e+01 5.049038085937499432e+01
1.299707031250000000e+01 5.045605468750000000e+01
1.296679687500000000e+01 5.041621093749999716e+01
1.294267578125001705e+01 5.040644531249999716e+01
1.286826171875000568e+01 5.042221679687499858e+01
1.276542968750001705e+01 5.043095703124999574e+01
1.270644531250002274e+01 5.040913085937499716e+01
1.263554687500001705e+01 5.039707031249999858e+01
1.254902343750001137e+01 5.039340820312499858e+01
1.245263671875000000e+01 5.034980468749999716e+01
1.235859375000001137e+01 5.027324218749999574e+01
1.230566406250000000e+01 5.020571289062499432e+01
1.227734375000000000e+01 5.018144531249999574e+01
1.223115234375001137e+01 5.024487304687500000e+01
1.217480468750000000e+01 5.028837890624999574e+01
1.213486328125000568e+01 5.031093749999999432e+01
1.209921875000000568e+01 5.031098632812499716e+01
1.208984375000000000e+01 5.030175781250000000e+01
1.208974609375002274e+01 5.026855468750000000e+01
1.212783203125002274e+01 5.021342773437499574e+01
1.217500000000001137e+01 5.017583007812499574e+01
1.218251953125002274e+01 5.014804687499999858e+01
1.220781250000001705e+01 5.009750976562499858e+01
1.227646484375000568e+01 5.004233398437499858e+01
1.238417968750002274e+01 4.999858398437499574e+01
1.245761718750000568e+01 4.995551757812499716e+01
1.251201171875001705e+01 4.989580078124999574e+01
1.251250000000001705e+01 4.987744140625000000e+01
1.249755859375000000e+01 4.985307617187499574e+01
1.247187500000001137e+01 4.983007812500000000e+01
1.245019531250000000e+01 4.980014648437499858e+01
1.239052734375002274e+01 4.973964843749999432e+01
1.240820312500000000e+01 4.971318359374999574e+01
1.245703125000000000e+01 4.967978515624999858e+01
1.250029296875001705e+01 4.963969726562499574e+01
1.255576171875000568e+01 4.957485351562499432e+01
1.263203125000001137e+01 4.946123046874999574e+01
1.268115234375000000e+01 4.941450195312499716e+01
1.274785156250001705e+01 4.936621093750000000e+01
1.281337890625002274e+01 4.932934570312500000e+01
1.291669921875001137e+01 4.933046874999999432e+01
1.302373046875001705e+01 4.926010742187499858e+01
1.314052734375002274e+01 4.915834960937499432e+01
1.322783203125001705e+01 4.911166992187499858e+01
1.328876953125001137e+01 4.909746093749999574e+01
1.333906250000001137e+01 4.906079101562500000e+01
1.338369140625002274e+01 4.900810546874999574e+01
1.340117187500001705e+01 4.897758789062499574e+01
1.344072265625001705e+01 4.895556640625000000e+01
1.354765625000001705e+01 4.895966796874999716e+01
1.368496093750002274e+01 4.887670898437500000e+01
1.376992187500002274e+01 4.881596679687499574e+01
1.381474609375001705e+01 4.876694335937499858e+01
1.380292968750001137e+01 4.874750976562499716e+01
1.379746093750000568e+01 4.868642578124999432e+01
1.379882812500000000e+01 4.862167968749999858e+01
1.378535156250001137e+01 4.858745117187499574e+01
1.372392578125001705e+01 4.854238281249999432e+01
1.369218750000001705e+01 4.853276367187499574e+01
1.367519531250002274e+01 4.852304687499999858e+01
1.348662109375001705e+01 4.858183593749999574e+01
1.347167968750000000e+01 4.857182617187499574e+01
1.345986328125002274e+01 4.856455078124999858e+01
1.340937500000001137e+01 4.839414062499999858e+01
1.337460937500000568e+01 4.836137695312499574e+01
1.332285156250000568e+01 4.833124999999999716e+01
1.321523437500002274e+01 4.830190429687499432e+01
1.314042968750001705e+01 4.828994140624999432e+01
1.308212890625000568e+01 4.827509765624999716e+01
1.289746093750000000e+01 4.820371093749999858e+01
1.281425781250001705e+01 4.816083984374999716e+01
1.276035156250000568e+01 4.810698242187499574e+01
1.276005859375001705e+01 4.807597656249999574e+01
1.284990234375001705e+01 4.798481445312499716e+01
1.295351562500002274e+01 4.789062500000000000e+01
1.295419921875000568e+01 4.780776367187499432e+01
1.290830078125000568e+01 4.774580078124999716e+01
1.289765625000001137e+01 4.772187499999999716e+01
1.292812500000002274e+01 4.771284179687499716e+01
1.298554687500001137e+01 4.770942382812499716e+01
1.303359375000002274e+01 4.769873046875000000e+01
1.305410156250002274e+01 4.765512695312499858e+01
1.304794921875000568e+01 4.757915039062499574e+01
1.303154296875001705e+01 4.750800781249999716e+01
1.301435546875001137e+01 4.747807617187499574e+01
1.296806640625001705e+01 4.747568359374999858e+01
1.287890625000000000e+01 4.750644531249999858e+01
1.280937500000001705e+01 4.754218749999999716e+01
1.278281250000000568e+01 4.756416015624999716e+01
1.278115234375002274e+01 4.759042968749999858e+01
1.279619140625001705e+01 4.760703124999999858e+01
1.277138671875002274e+01 4.763940429687500000e+01
1.268583984375001705e+01 4.766933593749999432e+01
1.259423828125000000e+01 4.765629882812499574e+01
1.252656250000001137e+01 4.763613281249999432e+01
1.248291015625000000e+01 4.763730468749999858e+01
1.243574218750001137e+01 4.766611328124999858e+01
1.236318359375002274e+01 4.768818359374999716e+01
1.226835937500001705e+01 4.770273437499999858e+01
1.220927734375001705e+01 4.771826171875000000e+01
1.219687500000000568e+01 4.770908203124999858e+01
1.220380859375001137e+01 4.764672851562500000e+01
1.218564453125000568e+01 4.761953124999999432e+01
1.171679687500000000e+01 4.758349609375000000e+01
1.157392578125001137e+01 4.754975585937499716e+01
1.146992187500001137e+01 4.750610351562500000e+01
1.139296875000002274e+01 4.748715820312499858e+01
1.137412109375000568e+01 4.746025390624999574e+01
1.129794921875000568e+01 4.742490234374999858e+01
1.121191406250000000e+01 4.741362304687499574e+01
1.119121093750001705e+01 4.742519531249999432e+01
1.113603515625001705e+01 4.740888671874999716e+01
1.104199218750000000e+01 4.739311523437499574e+01
1.098085937500002274e+01 4.739814453124999716e+01
1.095214843750000000e+01 4.742670898437499716e+01
1.089394531250002274e+01 4.747045898437500000e+01
1.087060546875000000e+01 4.750078124999999574e+01
1.087304687500000000e+01 4.752021484374999716e+01
1.074160156250002274e+01 4.752412109374999716e+01
1.065869140625000000e+01 4.754721679687499858e+01
1.048281250000002274e+01 4.754179687499999574e+01
1.043945312500000000e+01 4.755156249999999574e+01
1.043037109375001137e+01 4.754106445312499574e+01
1.040390625000000568e+01 4.741699218750000000e+01
1.036914062500000000e+01 4.736606445312499858e+01
1.031279296875001705e+01 4.731342773437499716e+01
1.024062500000002274e+01 4.728413085937499716e+01
1.018300781250002274e+01 4.727880859375000000e+01
1.018574218750001137e+01 4.731718749999999574e+01
1.020029296875000568e+01 4.736342773437499432e+01
1.015878906250000568e+01 4.737426757812500000e+01
1.009648437500001705e+01 4.737958984374999716e+01
1.006630859375002274e+01 4.739335937499999574e+01
1.007421875000000000e+01 4.742851562499999574e+01
1.005986328125001705e+01 4.744907226562499858e+01
1.003408203125002274e+01 4.747358398437499716e+01
9.971582031250022737e+00 4.750532226562499716e+01
9.839160156250017053e+00 4.755229492187499574e+01
9.748925781250022737e+00 4.757553710937499858e+01
9.715136718750017053e+00 4.755078125000000000e+01
9.650585937500011369e+00 4.752587890625000000e+01
9.548925781250005684e+00 4.753403320312499858e+01
9.524023437500005684e+00 4.752421874999999574e+01
