# id, lat, lon, temp
4.400000000000000000e+01 5.293359999999999843e+01 8.237000000000000099e+00 1.569999999999999929e+01
7.300000000000000000e+01 4.861590000000000344e+01 1.305059999999999931e+01 1.390000000000000036e+01
7.800000000000000000e+01 5.248530000000000229e+01 7.912600000000000300e+00 1.509999999999999964e+01
9.100000000000000000e+01 5.074459999999999837e+01 9.345000000000000639e+00 1.700000000000000000e+01
9.600000000000000000e+01 5.294369999999999976e+01 1.285180000000000078e+01 2.189999999999999858e+01
1.020000000000000000e+02 5.386330000000000240e+01 8.127499999999999503e+00 1.190000000000000036e+01
1.250000000000000000e+02 4.783420000000000272e+01 1.086669999999999980e+01 1.140000000000000036e+01
1.310000000000000000e+02 5.108809999999999718e+01 1.293260000000000076e+01 1.719999999999999929e+01
1.420000000000000000e+02 4.840599999999999881e+01 1.131170000000000009e+01 1.290000000000000036e+01
1.500000000000000000e+02 4.972729999999999961e+01 8.116400000000000503e+00 1.719999999999999929e+01
1.510000000000000000e+02 4.946909999999999741e+01 1.185459999999999958e+01 1.340000000000000036e+01
1.540000000000000000e+02 4.801970000000000027e+01 1.229250000000000043e+01 1.390000000000000036e+01
1.610000000000000000e+02 5.042369999999999663e+01 7.420200000000000351e+00 1.810000000000000142e+01
1.640000000000000000e+02 5.303159999999999741e+01 1.399080000000000013e+01 2.130000000000000071e+01
1.670000000000000000e+02 5.384120000000000061e+01 1.368459999999999965e+01 2.130000000000000071e+01
1.830000000000000000e+02 5.467920000000000158e+01 1.343430000000000035e+01 1.739999999999999858e+01
1.910000000000000000e+02 4.996940000000000026e+01 9.911400000000000432e+00 1.860000000000000142e+01
1.980000000000000000e+02 5.137449999999999761e+01 1.129199999999999982e+01 2.019999999999999929e+01
2.170000000000000000e+02 4.787740000000000151e+01 1.136430000000000007e+01 1.269999999999999929e+01
2.220000000000000000e+02 5.059080000000000155e+01 1.271390000000000065e+01 1.580000000000000071e+01
2.320000000000000000e+02 4.842530000000000001e+01 1.094170000000000087e+01 1.340000000000000036e+01
2.570000000000000000e+02 4.872699999999999676e+01 8.245699999999999363e+00 1.359999999999999964e+01
2.590000000000000000e+02 4.780639999999999645e+01 7.638700000000000045e+00 1.440000000000000036e+01
2.820000000000000000e+02 4.987429999999999808e+01 1.092060000000000031e+01 1.580000000000000071e+01
2.940000000000000000e+02 5.231989999999999696e+01 9.429999999999999716e+00 2.150000000000000000e+01
2.980000000000000000e+02 5.434060000000000201e+01 1.271080000000000076e+01 1.769999999999999929e+01
3.030000000000000000e+02 5.206139999999999901e+01 1.349959999999999916e+01 2.119999999999999929e+01
3.140000000000000000e+02 5.116040000000000276e+01 1.450420000000000087e+01 2.039999999999999858e+01
3.200000000000000000e+02 4.996670000000000300e+01 1.151970000000000027e+01 1.469999999999999929e+01
3.300000000000000000e+02 4.956170000000000186e+01 8.967299999999999827e+00 1.409999999999999964e+01
3.420000000000000000e+02 5.231700000000000017e+01 8.169399999999999551e+00 1.639999999999999858e+01
3.680000000000000000e+02 5.281519999999999726e+01 9.924799999999999400e+00 1.919999999999999929e+01
3.770000000000000000e+02 4.910699999999999932e+01 7.996699999999999697e+00 1.669999999999999929e+01
3.790000000000000000e+02 5.090740000000000265e+01 1.126650000000000063e+01 1.810000000000000142e+01
3.900000000000000000e+02 5.098369999999999891e+01 8.368299999999999628e+00 1.480000000000000071e+01
4.000000000000000000e+02 5.263089999999999691e+01 1.350220000000000020e+01 2.250000000000000000e+01
4.030000000000000000e+02 5.245369999999999777e+01 1.330170000000000030e+01 1.919999999999999929e+01
4.100000000000000000e+02 5.240400000000000347e+01 1.373090000000000011e+01 2.080000000000000071e+01
4.200000000000000000e+02 5.254469999999999885e+01 1.355979999999999919e+01 2.169999999999999929e+01
4.270000000000000000e+02 5.238069999999999737e+01 1.353059999999999974e+01 2.250000000000000000e+01
4.300000000000000000e+02 5.256439999999999912e+01 1.330879999999999974e+01 2.060000000000000142e+01
4.330000000000000000e+02 5.246750000000000114e+01 1.340210000000000079e+01 2.060000000000000142e+01
4.450000000000000000e+02 5.182180000000000319e+01 1.171100000000000030e+01 2.200000000000000000e+01
4.600000000000000000e+02 4.926409999999999911e+01 6.686799999999999855e+00 1.519999999999999929e+01
5.350000000000000000e+02 5.003719999999999857e+01 7.307900000000000063e+00 1.769999999999999929e+01
5.910000000000000000e+02 5.339110000000000156e+01 1.068779999999999930e+01 1.889999999999999858e+01
5.960000000000000000e+02 5.400280000000000058e+01 1.119079999999999941e+01 1.630000000000000071e+01
6.030000000000000000e+02 5.072930000000000206e+01 7.203999999999999737e+00 1.760000000000000142e+01
6.170000000000000000e+02 5.187299999999999756e+01 6.886300000000000310e+00 1.559999999999999964e+01
6.560000000000000000e+02 5.172339999999999804e+01 1.060210000000000008e+01 1.580000000000000071e+01
6.620000000000000000e+02 5.229149999999999920e+01 1.044640000000000057e+01 1.939999999999999858e+01
6.910000000000000000e+02 5.304500000000000171e+01 8.797900000000000276e+00 1.650000000000000000e+01
7.010000000000000000e+02 5.353320000000000078e+01 8.576100000000000279e+00 1.380000000000000071e+01
7.040000000000000000e+02 5.344509999999999650e+01 9.138999999999999346e+00 1.610000000000000142e+01
7.220000000000000000e+02 5.179860000000000042e+01 1.061829999999999963e+01 1.009999999999999964e+01
7.550000000000000000e+02 4.951820000000000022e+01 9.321300000000000807e+00 1.600000000000000000e+01
7.570000000000000000e+02 4.796249999999999858e+01 7.998300000000000409e+00 1.280000000000000071e+01
7.600000000000000000e+02 5.336290000000000333e+01 9.943500000000000227e+00 1.750000000000000000e+01
7.660000000000000000e+02 5.017459999999999809e+01 7.059499999999999886e+00 1.680000000000000071e+01
7.690000000000000000e+02 5.228170000000000073e+01 9.088900000000000645e+00 1.889999999999999858e+01
8.170000000000000000e+02 5.103059999999999974e+01 8.814600000000000435e+00 1.850000000000000000e+01
8.400000000000000000e+02 5.043130000000000024e+01 1.261139999999999972e+01 1.080000000000000071e+01
8.500000000000000000e+02 5.259590000000000032e+01 1.002960000000000029e+01 1.939999999999999858e+01
8.530000000000000000e+02 5.079129999999999967e+01 1.287199999999999989e+01 1.710000000000000142e+01
8.560000000000000000e+02 4.788430000000000319e+01 1.254039999999999999e+01 1.330000000000000071e+01
8.670000000000000000e+02 5.030660000000000309e+01 1.096790000000000020e+01 1.739999999999999858e+01
8.800000000000000000e+02 5.177600000000000335e+01 1.431680000000000064e+01 1.989999999999999858e+01
8.910000000000000000e+02 5.387129999999999797e+01 8.705799999999999983e+00 1.469999999999999929e+01
8.960000000000000000e+02 5.107780000000000342e+01 1.086190000000000033e+01 1.869999999999999929e+01
9.170000000000000000e+02 4.988089999999999691e+01 8.677899999999999281e+00 1.639999999999999858e+01
9.530000000000000000e+02 4.976189999999999714e+01 7.054199999999999804e+00 1.660000000000000142e+01
9.540000000000000000e+02 5.417960000000000065e+01 7.458700000000000330e+00 1.250000000000000000e+01
9.630000000000000000e+02 5.258809999999999718e+01 8.342399999999999594e+00 1.660000000000000142e+01
9.790000000000000000e+02 5.073640000000000327e+01 8.267200000000000770e+00 2.060000000000000142e+01
9.830000000000000000e+02 4.855619999999999692e+01 1.055990000000000073e+01 1.350000000000000000e+01
9.910000000000000000e+02 5.091159999999999997e+01 1.370870000000000033e+01 1.869999999999999929e+01
1.001000000000000000e+03 5.164509999999999934e+01 1.357469999999999999e+01 2.110000000000000142e+01
1.048000000000000000e+03 5.112800000000000011e+01 1.375430000000000064e+01 1.869999999999999929e+01
1.050000000000000000e+03 5.102210000000000178e+01 1.384699999999999953e+01 2.000000000000000000e+01
1.051000000000000000e+03 5.102479999999999905e+01 1.377500000000000036e+01 1.980000000000000071e+01
1.052000000000000000e+03 5.221739999999999782e+01 1.216409999999999947e+01 2.150000000000000000e+01
1.072000000000000000e+03 4.947189999999999799e+01 8.192899999999999849e+00 1.669999999999999929e+01
1.078000000000000000e+03 5.129599999999999937e+01 6.768600000000000172e+00 1.660000000000000142e+01
1.103000000000000000e+03 4.810029999999999717e+01 1.198719999999999963e+01 1.340000000000000036e+01
1.107000000000000000e+03 4.985199999999999676e+01 1.049910000000000032e+01 1.559999999999999964e+01
1.161000000000000000e+03 4.887769999999999726e+01 1.123489999999999966e+01 1.450000000000000000e+01
1.197000000000000000e+03 4.898949999999999960e+01 1.013119999999999976e+01 1.459999999999999964e+01
1.200000000000000000e+03 5.406909999999999883e+01 9.010500000000000398e+00 1.519999999999999929e+01
1.207000000000000000e+03 5.027049999999999841e+01 1.227420000000000044e+01 1.450000000000000000e+01
1.214000000000000000e+03 4.820120000000000005e+01 8.108800000000000452e+00 1.250000000000000000e+01
1.224000000000000000e+03 4.813779999999999859e+01 7.835099999999999731e+00 1.400000000000000000e+01
1.228000000000000000e+03 5.416510000000000247e+01 6.346000000000000085e+00 1.180000000000000071e+01
1.246000000000000000e+03 5.184179999999999922e+01 8.060700000000000642e+00 1.819999999999999929e+01
1.262000000000000000e+03 4.834770000000000323e+01 1.181339999999999968e+01 1.350000000000000000e+01
1.266000000000000000e+03 5.429919999999999902e+01 9.316200000000000259e+00 1.559999999999999964e+01
1.270000000000000000e+03 5.098290000000000077e+01 1.096080000000000076e+01 1.639999999999999858e+01
1.279000000000000000e+03 4.964970000000000283e+01 1.100740000000000052e+01 1.480000000000000071e+01
1.297000000000000000e+03 5.120409999999999684e+01 1.001379999999999981e+01 1.639999999999999858e+01
1.300000000000000000e+03 5.125399999999999778e+01 8.156499999999999417e+00 1.309999999999999964e+01
1.303000000000000000e+03 5.140409999999999968e+01 6.967699999999999783e+00 1.559999999999999964e+01
1.327000000000000000e+03 5.071189999999999998e+01 6.790499999999999758e+00 1.440000000000000036e+01
1.332000000000000000e+03 4.848319999999999652e+01 1.272409999999999997e+01 1.290000000000000036e+01
1.339000000000000000e+03 5.291570000000000107e+01 1.018849999999999945e+01 1.869999999999999929e+01
1.346000000000000000e+03 4.787489999999999668e+01 8.003800000000000026e+00 4.700000000000000178e+00
1.357000000000000000e+03 4.998069999999999879e+01 1.183760000000000012e+01 1.340000000000000036e+01
1.358000000000000000e+03 5.042830000000000013e+01 1.295350000000000001e+01 9.400000000000000355e+00
1.411000000000000000e+03 5.053090000000000259e+01 1.004800000000000004e+01 1.300000000000000000e+01
1.420000000000000000e+03 5.002590000000000003e+01 8.521300000000000097e+00 1.800000000000000000e+01
1.424000000000000000e+03 5.012689999999999912e+01 8.669399999999999551e+00 1.819999999999999929e+01
1.443000000000000000e+03 4.802320000000000277e+01 7.834299999999999820e+00 1.380000000000000071e+01
1.451000000000000000e+03 5.382770000000000010e+01 9.249299999999999855e+00 1.619999999999999929e+01
1.468000000000000000e+03 4.845380000000000109e+01 8.409000000000000696e+00 9.599999999999999645e+00
1.503000000000000000e+03 5.306430000000000291e+01 7.902199999999999669e+00 1.559999999999999964e+01
1.504000000000000000e+03 5.111899999999999977e+01 9.279899999999999594e+00 1.869999999999999929e+01
1.526000000000000000e+03 5.056680000000000064e+01 9.653299999999999770e+00 1.819999999999999929e+01
1.544000000000000000e+03 5.251290000000000191e+01 1.139409999999999989e+01 2.100000000000000000e+01
1.550000000000000000e+03 4.748299999999999699e+01 1.106209999999999916e+01 1.440000000000000036e+01
1.580000000000000000e+03 4.998590000000000089e+01 7.954799999999999649e+00 1.989999999999999858e+01
1.584000000000000000e+03 4.792419999999999902e+01 8.647299999999999542e+00 1.130000000000000071e+01
1.587000000000000000e+03 4.894809999999999661e+01 1.142890000000000050e+01 1.309999999999999964e+01
1.590000000000000000e+03 5.149419999999999931e+01 6.246299999999999741e+00 1.680000000000000071e+01
1.602000000000000000e+03 4.843299999999999983e+01 7.993000000000000327e+00 1.450000000000000000e+01
1.605000000000000000e+03 5.238750000000000284e+01 1.216009999999999991e+01 2.230000000000000071e+01
1.612000000000000000e+03 5.088130000000000308e+01 1.212889999999999979e+01 1.830000000000000071e+01
1.639000000000000000e+03 5.060170000000000101e+01 8.643900000000000361e+00 1.760000000000000142e+01
1.645000000000000000e+03 5.096560000000000201e+01 9.050000000000000711e+00 1.930000000000000071e+01
1.666000000000000000e+03 5.482730000000000103e+01 9.505800000000000693e+00 1.469999999999999929e+01
1.684000000000000000e+03 5.116219999999999857e+01 1.495059999999999967e+01 1.869999999999999929e+01
1.691000000000000000e+03 5.150019999999999953e+01 9.950699999999999434e+00 1.580000000000000071e+01
1.694000000000000000e+03 5.360600000000000165e+01 1.210330000000000084e+01 1.960000000000000142e+01
1.721000000000000000e+03 4.966400000000000148e+01 1.122390000000000043e+01 1.259999999999999964e+01
1.735000000000000000e+03 4.878940000000000055e+01 1.362899999999999956e+01 1.280000000000000071e+01
1.736000000000000000e+03 5.357309999999999661e+01 1.067970000000000041e+01 1.800000000000000000e+01
1.757000000000000000e+03 5.409669999999999845e+01 1.340559999999999974e+01 1.919999999999999929e+01
1.759000000000000000e+03 5.424369999999999692e+01 1.391019999999999968e+01 1.850000000000000000e+01
1.766000000000000000e+03 5.213439999999999941e+01 7.696900000000000297e+00 1.610000000000000142e+01
1.832000000000000000e+03 4.911290000000000333e+01 1.313380000000000081e+01 7.000000000000000000e+00
1.863000000000000000e+03 5.026670000000000016e+01 9.185399999999999565e+00 1.730000000000000071e+01
1.869000000000000000e+03 5.331530000000000058e+01 1.393379999999999974e+01 2.019999999999999929e+01
1.886000000000000000e+03 4.848780000000000001e+01 1.026079999999999970e+01 1.290000000000000036e+01
1.964000000000000000e+03 4.994449999999999790e+01 6.382100000000000328e+00 1.730000000000000071e+01
1.975000000000000000e+03 5.363320000000000221e+01 9.988099999999999312e+00 1.739999999999999858e+01
1.981000000000000000e+03 5.347769999999999868e+01 9.895699999999999719e+00 1.860000000000000142e+01
2.014000000000000000e+03 5.246439999999999770e+01 9.677899999999999281e+00 2.039999999999999858e+01
2.023000000000000000e+03 4.879180000000000206e+01 1.070620000000000083e+01 1.390000000000000036e+01
2.039000000000000000e+03 5.190019999999999811e+01 1.056990000000000052e+01 1.789999999999999858e+01
2.044000000000000000e+03 5.165200000000000102e+01 1.113669999999999938e+01 1.750000000000000000e+01
2.074000000000000000e+03 4.837519999999999953e+01 8.980000000000000426e+00 1.130000000000000071e+01
2.110000000000000000e+03 5.104110000000000014e+01 6.104199999999999626e+00 1.490000000000000036e+01
2.115000000000000000e+03 5.417499999999999716e+01 7.892000000000000348e+00 1.400000000000000000e+01
2.171000000000000000e+03 5.085199999999999676e+01 9.737700000000000244e+00 1.869999999999999929e+01
2.174000000000000000e+03 5.162550000000000239e+01 1.036950000000000038e+01 1.619999999999999929e+01
2.201000000000000000e+03 5.457500000000000284e+01 1.310440000000000005e+01 1.680000000000000071e+01
2.211000000000000000e+03 5.073709999999999809e+01 7.652800000000000047e+00 1.430000000000000071e+01
2.252000000000000000e+03 5.089900000000000091e+01 1.474569999999999936e+01 1.880000000000000071e+01
2.261000000000000000e+03 5.031230000000000047e+01 1.187599999999999945e+01 1.590000000000000036e+01
2.290000000000000000e+03 4.780089999999999861e+01 1.101079999999999970e+01 9.800000000000000711e+00
2.303000000000000000e+03 5.431459999999999866e+01 9.538999999999999702e+00 1.630000000000000071e+01
2.306000000000000000e+03 5.431940000000000168e+01 1.067319999999999958e+01 1.480000000000000071e+01
2.315000000000000000e+03 5.176570000000000249e+01 1.316660000000000075e+01 1.930000000000000071e+01
2.319000000000000000e+03 4.788230000000000075e+01 1.169609999999999950e+01 1.309999999999999964e+01
2.323000000000000000e+03 5.185289999999999822e+01 9.495300000000000296e+00 1.960000000000000142e+01
2.362000000000000000e+03 5.056510000000000105e+01 7.484300000000000175e+00 1.650000000000000000e+01
2.385000000000000000e+03 4.969270000000000209e+01 7.326399999999999579e+00 1.630000000000000071e+01
2.410000000000000000e+03 4.871119999999999806e+01 1.153619999999999912e+01 1.350000000000000000e+01
2.429000000000000000e+03 5.398969999999999914e+01 9.569599999999999440e+00 1.689999999999999858e+01
2.437000000000000000e+03 5.445700000000000074e+01 9.520300000000000651e+00 1.580000000000000071e+01
2.444000000000000000e+03 5.092510000000000048e+01 1.158300000000000018e+01 2.019999999999999929e+01
2.480000000000000000e+03 5.006430000000000291e+01 8.993000000000000327e+00 1.810000000000000142e+01
2.483000000000000000e+03 5.118030000000000257e+01 8.489100000000000534e+00 1.380000000000000071e+01
2.485000000000000000e+03 4.891700000000000159e+01 9.687099999999999156e+00 1.380000000000000071e+01
2.486000000000000000e+03 4.942620000000000147e+01 7.755700000000000038e+00 1.669999999999999929e+01
2.497000000000000000e+03 5.050139999999999674e+01 6.526399999999999757e+00 1.269999999999999929e+01
2.559000000000000000e+03 4.772330000000000183e+01 1.033479999999999954e+01 1.240000000000000036e+01
2.564000000000000000e+03 5.437760000000000105e+01 1.014240000000000030e+01 1.530000000000000071e+01
2.575000000000000000e+03 4.918039999999999878e+01 9.980000000000000426e+00 1.469999999999999929e+01
2.578000000000000000e+03 5.399949999999999761e+01 1.143410000000000082e+01 1.639999999999999858e+01
2.597000000000000000e+03 5.022399999999999665e+01 1.007920000000000016e+01 1.730000000000000071e+01
2.600000000000000000e+03 4.973629999999999995e+01 1.017810000000000059e+01 1.769999999999999929e+01
2.601000000000000000e+03 5.022180000000000177e+01 8.446899999999999409e+00 1.259999999999999964e+01
2.618000000000000000e+03 5.084579999999999700e+01 1.048029999999999973e+01 1.409999999999999964e+01
2.627000000000000000e+03 5.155539999999999878e+01 1.388449999999999918e+01 2.030000000000000071e+01
2.629000000000000000e+03 5.176120000000000232e+01 6.095399999999999707e+00 1.580000000000000071e+01
2.638000000000000000e+03 4.810540000000000305e+01 8.754799999999999471e+00 9.000000000000000000e+00
2.641000000000000000e+03 5.151850000000000307e+01 1.290649999999999942e+01 2.000000000000000000e+01
2.667000000000000000e+03 5.086460000000000292e+01 7.157499999999999751e+00 1.830000000000000071e+01
2.680000000000000000e+03 5.028399999999999892e+01 1.044560000000000066e+01 1.800000000000000000e+01
2.700000000000000000e+03 4.883019999999999783e+01 1.148719999999999963e+01 1.380000000000000071e+01
2.704000000000000000e+03 5.175110000000000099e+01 1.200939999999999941e+01 2.069999999999999929e+01
2.708000000000000000e+03 4.766519999999999868e+01 1.108050000000000068e+01 1.269999999999999929e+01
2.712000000000000000e+03 4.769519999999999982e+01 9.130699999999999150e+00 1.450000000000000000e+01
2.750000000000000000e+03 5.025229999999999819e+01 1.132089999999999996e+01 1.719999999999999929e+01
2.773000000000000000e+03 4.942830000000000013e+01 1.190160000000000018e+01 1.269999999999999929e+01
2.794000000000000000e+03 5.293630000000000280e+01 1.240930000000000000e+01 2.150000000000000000e+01
2.796000000000000000e+03 5.391559999999999775e+01 1.227899999999999991e+01 1.880000000000000071e+01
2.812000000000000000e+03 4.836469999999999914e+01 7.828000000000000291e+00 1.450000000000000000e+01
2.814000000000000000e+03 4.851209999999999667e+01 9.764499999999999957e+00 1.119999999999999929e+01
2.856000000000000000e+03 5.191729999999999734e+01 1.308779999999999966e+01 1.900000000000000000e+01
2.878000000000000000e+03 5.139090000000000202e+01 1.187860000000000049e+01 1.900000000000000000e+01
2.886000000000000000e+03 4.821759999999999735e+01 9.909700000000000841e+00 1.200000000000000000e+01
2.905000000000000000e+03 4.818489999999999895e+01 1.085069999999999979e+01 1.230000000000000071e+01
2.907000000000000000e+03 5.479030000000000200e+01 8.951399999999999579e+00 1.340000000000000036e+01
2.925000000000000000e+03 5.139330000000000354e+01 1.031230000000000047e+01 1.739999999999999858e+01
2.928000000000000000e+03 5.131510000000000105e+01 1.244619999999999926e+01 2.110000000000000142e+01
2.932000000000000000e+03 5.143480000000000274e+01 1.223959999999999937e+01 2.030000000000000071e+01
2.947000000000000000e+03 5.113329999999999842e+01 8.034800000000000608e+00 1.540000000000000036e+01
2.951000000000000000e+03 5.310070000000000334e+01 1.148639999999999972e+01 1.989999999999999858e+01
2.953000000000000000e+03 4.785969999999999658e+01 8.230800000000000338e+00 9.599999999999999645e+00
2.961000000000000000e+03 5.449960000000000093e+01 1.027369999999999983e+01 1.380000000000000071e+01
2.968000000000000000e+03 5.098940000000000339e+01 6.977699999999999569e+00 1.730000000000000071e+01
2.985000000000000000e+03 5.093829999999999814e+01 1.420930000000000071e+01 1.939999999999999858e+01
3.015000000000000000e+03 5.220850000000000080e+01 1.411800000000000033e+01 2.010000000000000142e+01
3.028000000000000000e+03 5.178540000000000276e+01 8.838800000000000878e+00 1.780000000000000071e+01
3.031000000000000000e+03 5.163360000000000127e+01 8.394500000000000739e+00 1.900000000000000000e+01
3.032000000000000000e+03 5.501100000000000279e+01 8.412499999999999645e+00 1.340000000000000036e+01
3.034000000000000000e+03 5.045049999999999812e+01 1.163499999999999979e+01 1.639999999999999858e+01
3.042000000000000000e+03 5.056170000000000186e+01 8.238599999999999923e+00 1.930000000000000071e+01
3.083000000000000000e+03 5.192669999999999675e+01 1.387969999999999970e+01 2.119999999999999929e+01
3.086000000000000000e+03 5.380250000000000199e+01 1.069890000000000008e+01 1.789999999999999858e+01
3.093000000000000000e+03 5.297240000000000038e+01 1.113739999999999952e+01 1.860000000000000142e+01
3.098000000000000000e+03 5.124519999999999698e+01 7.642500000000000071e+00 1.530000000000000071e+01
3.126000000000000000e+03 5.210289999999999822e+01 1.158270000000000088e+01 2.050000000000000000e+01
3.137000000000000000e+03 4.996560000000000201e+01 8.213900000000000645e+00 1.689999999999999858e+01
3.147000000000000000e+03 4.877250000000000085e+01 1.221790000000000020e+01 1.330000000000000071e+01
3.155000000000000000e+03 5.010150000000000148e+01 6.800900000000000389e+00 1.610000000000000142e+01
3.158000000000000000e+03 5.254679999999999751e+01 1.454519999999999946e+01 2.089999999999999858e+01
3.164000000000000000e+03 5.084920000000000329e+01 8.774599999999999511e+00 1.960000000000000142e+01
3.166000000000000000e+03 5.065100000000000335e+01 1.314690000000000047e+01 1.450000000000000000e+01
3.167000000000000000e+03 5.066210000000000235e+01 7.960300000000000153e+00 1.559999999999999964e+01
3.196000000000000000e+03 5.332229999999999848e+01 1.193190000000000062e+01 2.180000000000000071e+01
3.204000000000000000e+03 5.073349999999999937e+01 1.088150000000000084e+01 1.660000000000000142e+01
3.226000000000000000e+03 5.172590000000000288e+01 1.151089999999999947e+01 2.050000000000000000e+01
3.231000000000000000e+03 5.056119999999999948e+01 1.037710000000000043e+01 1.540000000000000036e+01
3.234000000000000000e+03 5.112939999999999685e+01 1.343280000000000030e+01 1.880000000000000071e+01
3.244000000000000000e+03 4.798199999999999932e+01 1.013840000000000074e+01 1.200000000000000000e+01
3.254000000000000000e+03 5.271560000000000201e+01 7.317599999999999660e+00 1.610000000000000142e+01
3.257000000000000000e+03 4.947729999999999961e+01 9.762199999999999989e+00 1.669999999999999929e+01
3.268000000000000000e+03 4.816940000000000310e+01 8.943300000000000693e+00 9.500000000000000000e+00
3.271000000000000000e+03 4.885479999999999734e+01 1.291890000000000072e+01 1.469999999999999929e+01
3.278000000000000000e+03 4.853770000000000095e+01 9.273400000000000531e+00 1.240000000000000036e+01
3.284000000000000000e+03 4.966910000000000025e+01 9.008499999999999730e+00 1.630000000000000071e+01
3.287000000000000000e+03 4.971759999999999735e+01 9.099700000000000344e+00 1.490000000000000036e+01
3.289000000000000000e+03 5.072809999999999775e+01 1.178379999999999939e+01 1.789999999999999858e+01
3.307000000000000000e+03 4.747789999999999822e+01 1.126529999999999987e+01 1.250000000000000000e+01
3.319000000000000000e+03 4.976440000000000197e+01 9.253000000000000114e+00 1.630000000000000071e+01
3.340000000000000000e+03 5.043829999999999814e+01 7.806099999999999817e+00 1.789999999999999858e+01
3.362000000000000000e+03 4.897209999999999752e+01 8.873400000000000176e+00 1.390000000000000036e+01
3.366000000000000000e+03 4.827900000000000347e+01 1.250239999999999974e+01 1.400000000000000000e+01
3.376000000000000000e+03 5.251760000000000161e+01 1.412320000000000064e+01 2.069999999999999929e+01
3.379000000000000000e+03 4.816320000000000334e+01 1.154289999999999949e+01 1.390000000000000036e+01
3.402000000000000000e+03 4.838510000000000133e+01 9.483700000000000685e+00 1.059999999999999964e+01
3.426000000000000000e+03 5.156600000000000250e+01 1.470079999999999920e+01 1.989999999999999858e+01
3.442000000000000000e+03 5.035739999999999839e+01 8.750600000000000378e+00 1.610000000000000142e+01
3.484000000000000000e+03 4.870859999999999701e+01 1.121470000000000056e+01 1.580000000000000071e+01
3.485000000000000000e+03 4.831150000000000233e+01 1.037729999999999997e+01 1.340000000000000036e+01
3.490000000000000000e+03 5.053459999999999752e+01 7.085300000000000153e+00 1.730000000000000071e+01
3.509000000000000000e+03 5.310199999999999676e+01 1.304209999999999958e+01 2.069999999999999929e+01
3.513000000000000000e+03 5.050019999999999953e+01 1.113439999999999941e+01 1.280000000000000071e+01
3.527000000000000000e+03 5.089229999999999876e+01 9.404999999999999361e+00 1.590000000000000036e+01
3.540000000000000000e+03 5.084459999999999980e+01 7.371999999999999886e+00 1.789999999999999858e+01
3.545000000000000000e+03 4.934400000000000119e+01 7.229700000000000237e+00 1.839999999999999858e+01
3.571000000000000000e+03 4.981739999999999924e+01 1.186379999999999946e+01 1.369999999999999929e+01
3.591000000000000000e+03 5.067430000000000234e+01 6.424000000000000377e+00 1.240000000000000036e+01
3.603000000000000000e+03 4.938949999999999818e+01 9.966699999999999449e+00 1.459999999999999964e+01
3.612000000000000000e+03 5.267110000000000269e+01 9.222899999999999210e+00 1.919999999999999929e+01
3.621000000000000000e+03 4.882529999999999859e+01 1.050670000000000037e+01 1.390000000000000036e+01
3.623000000000000000e+03 5.082939999999999969e+01 6.660199999999999676e+00 1.459999999999999964e+01
3.631000000000000000e+03 5.371229999999999905e+01 7.151900000000000368e+00 1.380000000000000071e+01
3.639000000000000000e+03 5.376469999999999771e+01 8.658300000000000551e+00 1.480000000000000071e+01
3.660000000000000000e+03 5.036019999999999897e+01 6.869699999999999918e+00 1.469999999999999929e+01
3.667000000000000000e+03 4.942580000000000240e+01 1.125380000000000003e+01 1.340000000000000036e+01
3.668000000000000000e+03 4.950300000000000011e+01 1.105489999999999995e+01 1.419999999999999929e+01
3.679000000000000000e+03 4.761869999999999692e+01 1.216649999999999920e+01 1.569999999999999929e+01
3.730000000000000000e+03 4.739840000000000231e+01 1.027590000000000003e+01 1.450000000000000000e+01
3.734000000000000000e+03 4.912800000000000011e+01 9.352499999999999147e+00 1.700000000000000000e+01
3.739000000000000000e+03 4.945210000000000150e+01 1.243650000000000055e+01 1.180000000000000071e+01
3.761000000000000000e+03 4.920700000000000074e+01 9.517599999999999838e+00 1.660000000000000142e+01
3.811000000000000000e+03 5.129599999999999937e+01 1.309280000000000044e+01 1.950000000000000000e+01
3.821000000000000000e+03 5.108729999999999905e+01 1.192919999999999980e+01 1.950000000000000000e+01
3.836000000000000000e+03 5.045380000000000109e+01 1.022109999999999985e+01 1.700000000000000000e+01
3.857000000000000000e+03 4.763620000000000232e+01 1.038920000000000066e+01 1.159999999999999964e+01
3.875000000000000000e+03 4.915100000000000335e+01 1.168960000000000043e+01 1.230000000000000071e+01
3.897000000000000000e+03 5.408930000000000149e+01 1.087729999999999997e+01 1.669999999999999929e+01
3.904000000000000000e+03 4.953540000000000276e+01 6.378899999999999793e+00 1.880000000000000071e+01
3.925000000000000000e+03 4.893289999999999651e+01 8.697300000000000253e+00 1.290000000000000036e+01
3.927000000000000000e+03 4.793449999999999989e+01 9.286899999999999267e+00 1.130000000000000071e+01
3.939000000000000000e+03 4.919120000000000203e+01 7.587900000000000311e+00 1.569999999999999929e+01
3.946000000000000000e+03 5.048190000000000310e+01 1.213000000000000078e+01 1.719999999999999929e+01
3.975000000000000000e+03 4.947769999999999868e+01 1.153570000000000029e+01 1.269999999999999929e+01
3.987000000000000000e+03 5.238130000000000308e+01 1.306220000000000070e+01 1.989999999999999858e+01
4.024000000000000000e+03 5.436430000000000007e+01 1.347710000000000008e+01 1.800000000000000000e+01
4.032000000000000000e+03 5.179529999999999745e+01 1.113199999999999967e+01 1.950000000000000000e+01
4.036000000000000000e+03 5.138949999999999818e+01 1.154119999999999990e+01 1.930000000000000071e+01
4.039000000000000000e+03 5.373310000000000031e+01 9.877599999999999270e+00 1.719999999999999929e+01
4.063000000000000000e+03 5.244610000000000127e+01 8.590600000000000236e+00 1.730000000000000071e+01
4.094000000000000000e+03 4.780619999999999692e+01 9.620599999999999596e+00 1.390000000000000036e+01
4.104000000000000000e+03 4.904249999999999687e+01 1.210190000000000055e+01 1.430000000000000071e+01
4.127000000000000000e+03 5.099060000000000059e+01 7.695800000000000196e+00 1.639999999999999858e+01
4.160000000000000000e+03 4.874249999999999972e+01 8.923999999999999488e+00 1.130000000000000071e+01
4.169000000000000000e+03 4.867029999999999745e+01 7.993900000000000006e+00 1.440000000000000036e+01
4.175000000000000000e+03 4.755899999999999750e+01 7.772100000000000009e+00 1.430000000000000071e+01
4.177000000000000000e+03 4.897259999999999991e+01 8.330099999999999838e+00 1.480000000000000071e+01
4.189000000000000000e+03 4.814789999999999992e+01 9.459600000000000009e+00 1.209999999999999964e+01
4.261000000000000000e+03 4.787530000000000285e+01 1.212800000000000011e+01 1.469999999999999929e+01
4.271000000000000000e+03 5.418030000000000257e+01 1.208079999999999998e+01 1.669999999999999929e+01
4.275000000000000000e+03 5.312879999999999825e+01 9.339800000000000324e+00 1.719999999999999929e+01
4.280000000000000000e+03 4.921620000000000061e+01 1.110350000000000037e+01 1.380000000000000071e+01
4.287000000000000000e+03 4.938479999999999848e+01 1.017319999999999958e+01 1.500000000000000000e+01
4.300000000000000000e+03 4.818139999999999645e+01 8.635600000000000165e+00 1.140000000000000036e+01
4.301000000000000000e+03 4.985020000000000095e+01 7.871000000000000441e+00 2.089999999999999858e+01
4.323000000000000000e+03 4.964679999999999893e+01 7.883700000000000152e+00 1.509999999999999964e+01
4.336000000000000000e+03 4.921280000000000143e+01 7.107700000000000351e+00 1.700000000000000000e+01
4.349000000000000000e+03 4.895689999999999742e+01 9.070999999999999730e+00 1.369999999999999929e+01
4.354000000000000000e+03 4.878320000000000078e+01 1.331460000000000043e+01 1.400000000000000000e+01
4.371000000000000000e+03 5.210419999999999874e+01 8.752100000000000435e+00 1.860000000000000142e+01
4.377000000000000000e+03 5.035179999999999723e+01 1.000339999999999918e+01 1.550000000000000000e+01
4.393000000000000000e+03 5.432789999999999964e+01 8.603099999999999525e+00 1.469999999999999929e+01
4.411000000000000000e+03 4.991949999999999932e+01 8.967100000000000293e+00 1.789999999999999858e+01
4.445000000000000000e+03 5.176579999999999870e+01 1.065329999999999977e+01 1.569999999999999929e+01
4.464000000000000000e+03 5.056790000000000163e+01 1.180410000000000004e+01 1.580000000000000071e+01
4.466000000000000000e+03 5.452750000000000341e+01 9.548700000000000188e+00 1.569999999999999929e+01
4.480000000000000000e+03 5.034470000000000312e+01 9.553399999999999892e+00 1.810000000000000142e+01
4.501000000000000000e+03 5.065460000000000207e+01 1.076929999999999943e+01 1.180000000000000071e+01
4.508000000000000000e+03 5.029679999999999751e+01 6.419400000000000439e+00 1.300000000000000000e+01
4.548000000000000000e+03 5.018469999999999942e+01 1.207910000000000039e+01 1.490000000000000036e+01
4.559000000000000000e+03 4.916440000000000055e+01 1.261749999999999972e+01 1.359999999999999964e+01
4.560000000000000000e+03 5.049249999999999972e+01 9.122600000000000264e+00 1.730000000000000071e+01
4.592000000000000000e+03 4.932780000000000342e+01 1.208709999999999951e+01 1.330000000000000071e+01
4.605000000000000000e+03 5.064410000000000167e+01 1.119359999999999999e+01 1.830000000000000071e+01
4.625000000000000000e+03 5.364249999999999829e+01 1.138719999999999999e+01 1.860000000000000142e+01
4.642000000000000000e+03 5.289110000000000156e+01 1.172969999999999935e+01 2.050000000000000000e+01
4.651000000000000000e+03 5.190400000000000347e+01 1.018849999999999945e+01 1.839999999999999858e+01
4.703000000000000000e+03 4.807189999999999941e+01 9.194300000000000139e+00 1.200000000000000000e+01
4.706000000000000000e+03 4.827179999999999893e+01 1.302730000000000032e+01 1.400000000000000000e+01
4.709000000000000000e+03 4.999960000000000093e+01 7.598099999999999632e+00 1.540000000000000036e+01
4.745000000000000000e+03 5.296039999999999992e+01 9.792999999999999261e+00 1.819999999999999929e+01
4.763000000000000000e+03 5.106069999999999709e+01 9.926600000000000534e+00 1.789999999999999858e+01
4.841000000000000000e+03 5.369460000000000122e+01 8.873499999999999943e+00 1.509999999999999964e+01
4.857000000000000000e+03 5.355340000000000344e+01 9.609700000000000131e+00 1.750000000000000000e+01
4.878000000000000000e+03 5.166460000000000008e+01 1.088109999999999999e+01 1.680000000000000071e+01
4.887000000000000000e+03 4.866559999999999775e+01 9.864800000000000679e+00 1.140000000000000036e+01
4.896000000000000000e+03 5.466539999999999822e+01 9.804999999999999716e+00 1.519999999999999929e+01
4.911000000000000000e+03 4.882750000000000057e+01 1.255969999999999942e+01 1.350000000000000000e+01
4.928000000000000000e+03 4.882809999999999917e+01 9.199999999999999289e+00 1.269999999999999929e+01
4.931000000000000000e+03 4.868829999999999814e+01 9.223499999999999588e+00 1.230000000000000071e+01
4.978000000000000000e+03 5.063900000000000290e+01 1.002280000000000015e+01 1.610000000000000142e+01
4.997000000000000000e+03 5.097710000000000008e+01 1.234190000000000076e+01 1.989999999999999858e+01
5.009000000000000000e+03 5.376100000000000279e+01 1.255739999999999945e+01 1.810000000000000142e+01
5.014000000000000000e+03 5.327579999999999671e+01 8.985699999999999577e+00 1.650000000000000000e+01
5.017000000000000000e+03 5.040019999999999811e+01 1.138889999999999958e+01 1.440000000000000036e+01
5.029000000000000000e+03 4.947370000000000090e+01 7.038499999999999979e+00 1.639999999999999858e+01
5.046000000000000000e+03 4.985759999999999792e+01 1.235420000000000051e+01 1.380000000000000071e+01
5.064000000000000000e+03 5.128970000000000340e+01 6.443699999999999761e+00 1.680000000000000071e+01
5.097000000000000000e+03 5.406609999999999872e+01 1.276750000000000007e+01 1.919999999999999929e+01
5.099000000000000000e+03 4.973259999999999792e+01 6.613100000000000200e+00 1.880000000000000071e+01
5.100000000000000000e+03 4.974790000000000134e+01 6.658299999999999663e+00 1.860000000000000142e+01
5.109000000000000000e+03 5.359969999999999857e+01 1.330390000000000050e+01 2.000000000000000000e+01
5.111000000000000000e+03 4.803110000000000213e+01 1.253960000000000008e+01 1.359999999999999964e+01
5.133000000000000000e+03 5.133440000000000225e+01 8.913199999999999790e+00 1.860000000000000142e+01
5.142000000000000000e+03 5.374439999999999884e+01 1.406969999999999921e+01 1.950000000000000000e+01
5.146000000000000000e+03 5.294140000000000157e+01 1.052890000000000015e+01 2.010000000000000142e+01
5.149000000000000000e+03 4.957410000000000139e+01 1.019149999999999956e+01 1.630000000000000071e+01
5.158000000000000000e+03 5.216009999999999991e+01 1.117590000000000039e+01 1.919999999999999929e+01
5.229000000000000000e+03 4.804529999999999745e+01 8.460800000000000765e+00 1.059999999999999964e+01
5.275000000000000000e+03 4.924450000000000216e+01 8.537399999999999878e+00 1.710000000000000142e+01
5.279000000000000000e+03 5.161939999999999884e+01 9.574899999999999523e+00 1.500000000000000000e+01
5.280000000000000000e+03 5.392240000000000322e+01 1.022669999999999924e+01 1.780000000000000071e+01
5.300000000000000000e+03 5.025959999999999894e+01 8.360699999999999577e+00 1.660000000000000142e+01
5.335000000000000000e+03 5.089629999999999654e+01 1.054840000000000089e+01 1.739999999999999858e+01
5.347000000000000000e+03 5.150390000000000157e+01 9.111800000000000566e+00 1.789999999999999858e+01
5.349000000000000000e+03 5.351959999999999695e+01 1.266539999999999999e+01 2.130000000000000071e+01
5.371000000000000000e+03 5.049730000000000274e+01 9.942700000000000315e+00 1.159999999999999964e+01
5.397000000000000000e+03 4.966629999999999967e+01 1.218449999999999989e+01 1.369999999999999929e+01
5.404000000000000000e+03 4.840240000000000009e+01 1.169459999999999944e+01 1.350000000000000000e+01
5.424000000000000000e+03 5.101769999999999783e+01 1.135440000000000005e+01 1.980000000000000071e+01
5.426000000000000000e+03 4.937579999999999814e+01 8.121299999999999741e+00 1.300000000000000000e+01
5.433000000000000000e+03 4.955340000000000344e+01 6.812000000000000277e+00 1.780000000000000071e+01
5.440000000000000000e+03 4.901149999999999807e+01 1.093079999999999963e+01 1.400000000000000000e+01
5.480000000000000000e+03 5.157630000000000337e+01 7.887900000000000134e+00 1.800000000000000000e+01
5.490000000000000000e+03 5.184539999999999793e+01 1.076859999999999928e+01 1.810000000000000142e+01
5.516000000000000000e+03 5.452830000000000155e+01 1.106060000000000088e+01 1.500000000000000000e+01
5.538000000000000000e+03 4.788269999999999982e+01 1.115760000000000041e+01 1.269999999999999929e+01
5.541000000000000000e+03 5.013199999999999790e+01 8.317000000000000171e+00 1.689999999999999858e+01
5.546000000000000000e+03 5.212069999999999936e+01 1.245850000000000080e+01 1.910000000000000142e+01
5.562000000000000000e+03 4.865160000000000196e+01 8.680099999999999483e+00 1.109999999999999964e+01
5.629000000000000000e+03 5.188920000000000243e+01 1.264450000000000074e+01 2.060000000000000142e+01
5.640000000000000000e+03 5.355040000000000333e+01 7.667200000000000237e+00 1.409999999999999964e+01
5.643000000000000000e+03 5.318639999999999901e+01 1.249489999999999945e+01 2.200000000000000000e+01
5.664000000000000000e+03 4.829529999999999745e+01 8.239100000000000534e+00 1.340000000000000036e+01
5.676000000000000000e+03 5.239620000000000033e+01 1.068919999999999959e+01 1.969999999999999929e+01
5.688000000000000000e+03 4.770029999999999859e+01 8.105700000000000571e+00 1.059999999999999964e+01
5.692000000000000000e+03 4.960510000000000019e+01 8.365899999999999892e+00 1.689999999999999858e+01
5.705000000000000000e+03 4.977040000000000219e+01 9.957599999999999341e+00 1.719999999999999929e+01
5.715000000000000000e+03 5.246050000000000324e+01 9.431100000000000705e+00 2.000000000000000000e+01
5.717000000000000000e+03 5.122560000000000002e+01 7.105199999999999960e+00 1.639999999999999858e+01
5.731000000000000000e+03 4.767830000000000013e+01 8.380100000000000549e+00 1.390000000000000036e+01
5.745000000000000000e+03 5.296640000000000015e+01 1.332680000000000042e+01 2.100000000000000000e+01
5.750000000000000000e+03 5.103139999999999787e+01 1.214949999999999974e+01 2.019999999999999929e+01
5.779000000000000000e+03 5.073140000000000072e+01 1.375159999999999982e+01 1.309999999999999964e+01
5.792000000000000000e+03 4.742099999999999937e+01 1.098479999999999990e+01 2.799999999999999822e+00
5.797000000000000000e+03 5.068789999999999907e+01 1.243290000000000006e+01 1.750000000000000000e+01
5.800000000000000000e+03 4.902799999999999869e+01 1.323850000000000016e+01 1.250000000000000000e+01
5.822000000000000000e+03 5.286299999999999955e+01 8.698800000000000310e+00 1.689999999999999858e+01
5.825000000000000000e+03 5.261979999999999791e+01 1.278669999999999973e+01 2.089999999999999858e+01
5.839000000000000000e+03 5.338810000000000144e+01 7.228699999999999903e+00 1.509999999999999964e+01
5.856000000000000000e+03 4.854509999999999792e+01 1.335319999999999929e+01 1.319999999999999929e+01
5.871000000000000000e+03 4.994619999999999749e+01 7.264499999999999957e+00 1.650000000000000000e+01
5.906000000000000000e+03 4.950619999999999976e+01 8.558500000000000441e+00 1.630000000000000071e+01
5.930000000000000000e+03 5.464099999999999824e+01 1.002379999999999960e+01 1.490000000000000036e+01
5.941000000000000000e+03 4.767540000000000333e+01 1.246979999999999933e+01 1.440000000000000036e+01
6.093000000000000000e+03 5.321390000000000242e+01 1.047039999999999971e+01 1.839999999999999858e+01
6.105000000000000000e+03 5.431940000000000168e+01 9.805099999999999483e+00 1.569999999999999929e+01
6.109000000000000000e+03 5.338369999999999749e+01 1.437279999999999980e+01 2.089999999999999858e+01
6.129000000000000000e+03 5.105930000000000035e+01 1.442660000000000053e+01 1.939999999999999858e+01
6.157000000000000000e+03 5.364099999999999824e+01 8.080799999999999983e+00 1.430000000000000071e+01
6.158000000000000000e+03 4.922469999999999857e+01 1.060839999999999961e+01 1.369999999999999929e+01
6.159000000000000000e+03 5.295420000000000016e+01 7.319600000000000328e+00 1.519999999999999929e+01
6.163000000000000000e+03 5.416539999999999822e+01 1.035190000000000055e+01 1.619999999999999929e+01
6.170000000000000000e+03 5.201919999999999789e+01 1.472540000000000049e+01 1.960000000000000142e+01
6.197000000000000000e+03 5.186639999999999873e+01 9.271000000000000796e+00 1.719999999999999929e+01
6.199000000000000000e+03 5.424839999999999662e+01 1.304180000000000028e+01 1.930000000000000071e+01
6.217000000000000000e+03 4.924060000000000059e+01 6.935100000000000264e+00 1.860000000000000142e+01
6.258000000000000000e+03 4.768449999999999989e+01 9.440899999999999181e+00 1.530000000000000071e+01
6.259000000000000000e+03 4.902100000000000080e+01 9.603300000000000836e+00 1.430000000000000071e+01
6.260000000000000000e+03 4.933279999999999887e+01 9.704000000000000625e+00 1.559999999999999964e+01
6.262000000000000000e+03 4.876950000000000074e+01 9.873699999999999477e+00 1.430000000000000071e+01
6.263000000000000000e+03 4.777380000000000138e+01 8.821899999999999409e+00 1.359999999999999964e+01
6.264000000000000000e+03 5.141400000000000148e+01 8.650000000000000355e+00 1.580000000000000071e+01
6.265000000000000000e+03 5.236129999999999995e+01 1.238669999999999938e+01 2.219999999999999929e+01
6.266000000000000000e+03 5.203040000000000020e+01 1.096260000000000012e+01 1.860000000000000142e+01
6.272000000000000000e+03 5.084259999999999735e+01 1.025179999999999936e+01 1.630000000000000071e+01
6.273000000000000000e+03 5.250750000000000028e+01 1.185510000000000019e+01 2.050000000000000000e+01
6.275000000000000000e+03 4.867049999999999699e+01 9.462699999999999889e+00 1.369999999999999929e+01
6.305000000000000000e+03 5.120609999999999928e+01 1.049779999999999980e+01 1.930000000000000071e+01
6.310000000000000000e+03 5.410490000000000066e+01 1.382390000000000008e+01 1.869999999999999929e+01
6.312000000000000000e+03 4.953139999999999787e+01 1.064179999999999993e+01 1.480000000000000071e+01
6.314000000000000000e+03 5.105069999999999908e+01 1.330030000000000001e+01 1.769999999999999929e+01
6.336000000000000000e+03 5.001319999999999766e+01 9.653999999999999915e+00 1.590000000000000036e+01
6.337000000000000000e+03 5.176630000000000109e+01 7.519400000000000084e+00 1.730000000000000071e+01
6.344000000000000000e+03 5.039399999999999835e+01 8.142300000000000537e+00 1.950000000000000000e+01
6.346000000000000000e+03 4.820700000000000074e+01 1.120350000000000001e+01 1.290000000000000036e+01
6.347000000000000000e+03 5.005789999999999651e+01 1.029720000000000013e+01 1.710000000000000142e+01
7.075000000000000000e+03 4.870199999999999818e+01 1.184929999999999950e+01 1.309999999999999964e+01
7.099000000000000000e+03 5.201109999999999900e+01 1.039659999999999940e+01 1.660000000000000142e+01
7.105000000000000000e+03 4.783500000000000085e+01 1.265479999999999983e+01 1.350000000000000000e+01
7.106000000000000000e+03 5.207139999999999702e+01 8.456500000000000128e+00 1.789999999999999858e+01
7.187000000000000000e+03 4.976359999999999673e+01 9.406299999999999883e+00 1.710000000000000142e+01
7.298000000000000000e+03 5.452680000000000149e+01 9.042500000000000426e+00 1.509999999999999964e+01
7.319000000000000000e+03 4.873740000000000094e+01 1.073930000000000007e+01 1.450000000000000000e+01
7.321000000000000000e+03 5.115070000000000050e+01 1.133210000000000051e+01 1.939999999999999858e+01
7.329000000000000000e+03 5.054670000000000130e+01 1.228630000000000067e+01 1.600000000000000000e+01
7.330000000000000000e+03 5.146329999999999671e+01 7.977999999999999758e+00 1.700000000000000000e+01
7.331000000000000000e+03 4.860990000000000322e+01 1.026740000000000030e+01 1.269999999999999929e+01
7.341000000000000000e+03 5.009000000000000341e+01 8.786199999999999122e+00 1.750000000000000000e+01
7.343000000000000000e+03 5.061990000000000123e+01 1.348160000000000025e+01 1.390000000000000036e+01
7.350000000000000000e+03 4.910880000000000223e+01 1.282310000000000016e+01 1.190000000000000036e+01
7.351000000000000000e+03 5.331750000000000256e+01 1.341750000000000043e+01 2.110000000000000142e+01
7.364000000000000000e+03 5.168200000000000216e+01 1.230419999999999980e+01 2.010000000000000142e+01
7.367000000000000000e+03 5.196430000000000149e+01 9.807199999999999918e+00 1.889999999999999858e+01
7.368000000000000000e+03 5.100070000000000192e+01 1.036209999999999987e+01 1.600000000000000000e+01
7.369000000000000000e+03 4.916230000000000189e+01 1.036609999999999943e+01 1.319999999999999929e+01
7.370000000000000000e+03 4.939099999999999824e+01 1.268379999999999974e+01 1.219999999999999929e+01
7.373000000000000000e+03 5.359839999999999804e+01 6.702399999999999913e+00 1.430000000000000071e+01
7.374000000000000000e+03 5.208129999999999882e+01 6.940900000000000070e+00 1.469999999999999929e+01
7.389000000000000000e+03 5.274609999999999843e+01 1.384270000000000067e+01 2.139999999999999858e+01
7.393000000000000000e+03 5.144930000000000092e+01 1.425329999999999941e+01 1.989999999999999858e+01
7.394000000000000000e+03 5.003150000000000119e+01 1.197450000000000081e+01 1.359999999999999964e+01
7.395000000000000000e+03 4.865950000000000131e+01 1.253880000000000017e+01 1.380000000000000071e+01
7.396000000000000000e+03 5.050840000000000174e+01 9.224700000000000344e+00 1.350000000000000000e+01
7.403000000000000000e+03 4.779549999999999699e+01 1.003240000000000087e+01 1.230000000000000071e+01
7.410000000000000000e+03 5.075130000000000052e+01 9.022399999999999309e+00 1.650000000000000000e+01
7.412000000000000000e+03 5.000829999999999842e+01 9.423799999999999955e+00 1.509999999999999964e+01
7.419000000000000000e+03 5.066100000000000136e+01 1.207559999999999967e+01 1.810000000000000142e+01
7.420000000000000000e+03 5.110439999999999827e+01 1.171119999999999983e+01 1.960000000000000142e+01
7.424000000000000000e+03 4.777239999999999753e+01 1.290729999999999933e+01 1.639999999999999858e+01
7.427000000000000000e+03 5.401879999999999882e+01 9.925499999999999545e+00 1.660000000000000142e+01
7.428000000000000000e+03 5.041669999999999874e+01 1.081559999999999988e+01 1.700000000000000000e+01
7.431000000000000000e+03 4.801299999999999812e+01 1.155240000000000045e+01 1.290000000000000036e+01
7.432000000000000000e+03 5.264229999999999876e+01 1.066269999999999918e+01 1.919999999999999929e+01
1.367000000000000000e+04 5.150880000000000081e+01 6.701800000000000423e+00 1.730000000000000071e+01
1.367400000000000000e+04 4.929429999999999978e+01 8.905300000000000438e+00 1.550000000000000000e+01
1.367500000000000000e+04 5.208180000000000121e+01 9.407700000000000173e+00 2.039999999999999858e+01
1.369600000000000000e+04 5.159660000000000224e+01 7.404799999999999827e+00 1.710000000000000142e+01
1.370000000000000000e+04 5.133290000000000219e+01 7.341099999999999959e+00 1.580000000000000071e+01
1.371000000000000000e+04 4.857339999999999947e+01 1.225760000000000005e+01 1.269999999999999929e+01
1.371100000000000000e+04 5.068200000000000216e+01 1.151500000000000057e+01 1.839999999999999858e+01
1.371300000000000000e+04 5.108990000000000009e+01 7.628899999999999793e+00 1.650000000000000000e+01
1.377700000000000000e+04 5.224669999999999703e+01 1.095919999999999916e+01 1.980000000000000071e+01
1.396500000000000000e+04 4.826389999999999958e+01 8.813399999999999679e+00 1.040000000000000036e+01
1.500000000000000000e+04 5.079829999999999757e+01 6.024399999999999977e+00 1.290000000000000036e+01
1.520700000000000000e+04 5.128349999999999653e+01 9.358999999999999986e+00 1.710000000000000142e+01
1.544400000000000000e+04 4.844180000000000064e+01 9.921599999999999753e+00 1.169999999999999929e+01
1.555500000000000000e+04 4.787610000000000099e+01 1.058489999999999931e+01 1.080000000000000071e+01
